265.05
19.949999
544.35
42.75
119.7
88.35
168.15
119.7
230.84999
91.2
738.14996
122.549995
93.67483
188.35544
362.60092
237.62949
490.19998
196.65
570.0
236.54999
612.75
196.65
686.85
236.54999
735.3
199.5
812.25
233.7
575.69995
342.0
684.0
376.19998
373.34998
401.84998
495.9
447.44998
541.5
401.84998
655.5
447.44998
353.06152
495.00488
641.5596
538.8029
356.25
641.25
564.3
681.14996
350.55
718.19995
746.69995
766.64996
353.40002
800.8499
695.39996
837.8999
872.1
205.2
917.69995
225.15
977.55
723.89996
1254.0
763.8
980.11957
796.9634
1288.4657
840.0147
1858.2
88.35
1906.6499
119.7
1906.6499
88.35
1980.7499
125.399994
1604.5498
723.89996
1940.8497
763.8
1604.5499
800.85
1883.85
837.89996
1986.45
205.2
2040.6
230.84999
2054.85
485.92502
2109.0
540.075
2089.05
646.94995
2223.0
686.85
2457.8398
186.39005
2523.675
244.81503
2411.6033
369.9971
2459.8857
404.69998
2345.5498
550.05
2439.5999
564.3
2297.0999
575.69995
2476.65
604.19995
2305.65
612.75
2476.65
635.55
74.1
1430.7
142.5
1462.0499
2111.8499
1336.6499
2334.15
1368.0
1986.4497
1516.1998
2174.5498
1547.5498
14.25
1690.0499
1122.8999
1721.3999
51.3
1741.35
233.7
1772.7
105.45
1781.25
162.45
1801.2
1997.85
1590.2999
2128.95
1621.6499
2003.5499
1624.5
2040.6
1644.45
1997.0737
1677.8737
2078.4363
1713.7933
2174.55
1761.2999
2211.5999
1784.1
2262.9
1610.25
2322.75
1635.8999
2291.4
1704.2999
2337.0
1724.25
2378.033
1587.562
2502.2378
1633.4608
2362.65
1621.6499
2456.7
1647.2999
2413.95
1684.35
2505.15
1715.7
2228.7
1758.45
2294.25
1789.7999
2285.7
1758.45
2365.5
1789.7999
2354.0999
1758.45
2505.15
1786.95
2542.2
1747.0499
2636.25
1767.0
2522.25
1775.5499
2641.95
1804.0499
