228.0
17.0
465.0
17.0
465.0
54.0
228.0
54.0
735.0
11.0
921.0
11.0
921.0
51.0
735.0
51.0
20.0
157.0
199.0
157.0
199.0
197.0
20.0
197.0
237.0
157.0
1054.0
157.0
1054.0
194.0
237.0
194.0
2237.0
262.0
2448.0
262.0
2448.0
302.0
2237.0
302.0
2488.0
259.0
2525.0
259.0
2525.0
299.0
2488.0
299.0
65.0
380.0
205.0
401.0
197.0
453.0
57.0
431.0
398.0
395.0
531.0
402.0
529.0
442.0
395.0
435.0
242.0
405.0
359.0
405.0
359.0
436.0
242.0
436.0
590.0
405.0
670.0
405.0
670.0
436.0
590.0
436.0
704.0
402.0
903.0
402.0
903.0
442.0
704.0
442.0
913.0
398.0
1035.0
405.0
1033.0
443.0
911.0
435.0
1039.0
396.0
1183.0
402.0
1181.0
442.0
1037.0
435.0
1208.0
405.0
1331.0
405.0
1331.0
436.0
1208.0
436.0
1357.0
405.0
1456.0
405.0
1456.0
436.0
1357.0
436.0
1475.0
398.0
1619.0
405.0
1618.0
445.0
1473.0
438.0
1644.0
399.0
1741.0
399.0
1741.0
439.0
1644.0
439.0
1778.0
405.0
1858.0
405.0
1858.0
436.0
1778.0
436.0
2039.0
396.0
2255.0
402.0
2253.0
445.0
2037.0
439.0
2314.0
399.0
2519.0
399.0
2519.0
439.0
2314.0
439.0
1961.0
489.0
2107.0
503.0
2103.0
545.0
1957.0
532.0
2149.0
618.0
2314.0
618.0
2314.0
681.0
2149.0
681.0
1348.0
732.0
1442.0
732.0
1442.0
764.0
1348.0
764.0
1451.0
732.0
1536.0
732.0
1536.0
761.0
1451.0
761.0
1337.0
801.0
1690.0
804.0
1690.0
844.0
1337.0
841.0
86.0
821.0
365.0
824.0
365.0
855.0
85.0
852.0
1342.0
858.0
1815.0
858.0
1815.0
895.0
1342.0
895.0
100.0
878.0
1168.0
878.0
1168.0
918.0
100.0
918.0
1337.0
903.0
1836.0
909.0
1835.0
958.0
1336.0
952.0
91.0
932.0
952.0
935.0
952.0
992.0
91.0
989.0
1342.0
960.0
1676.0
960.0
1676.0
1000.0
1342.0
1000.0
1337.0
1009.0
1610.0
1009.0
1610.0
1057.0
1337.0
1057.0
2243.0
1026.0
2502.0
1029.0
2502.0
1060.0
2243.0
1057.0
97.0
1134.0
379.0
1134.0
379.0
1171.0
97.0
1171.0
91.0
1194.0
587.0
1197.0
587.0
1234.0
91.0
1231.0
174.0
1265.0
314.0
1265.0
314.0
1305.0
174.0
1305.0
105.0
1348.0
154.0
1348.0
154.0
1382.0
105.0
1382.0
162.0
1348.0
276.0
1348.0
276.0
1379.0
162.0
1379.0
684.0
1353.0
805.0
1363.0
801.0
1403.0
680.0
1393.0
171.0
1428.0
316.0
1428.0
316.0
1468.0
171.0
1468.0
718.0
1434.0
952.0
1434.0
952.0
1473.0
718.0
1473.0
1379.0
1456.0
1562.0
1456.0
1562.0
1485.0
1379.0
1485.0
718.0
1488.0
1129.0
1488.0
1129.0
1528.0
718.0
1528.0
171.0
1505.0
242.0
1505.0
242.0
1548.0
171.0
1548.0
559.0
1499.0
607.0
1499.0
607.0
1550.0
559.0
1550.0
1340.0
1505.0
2494.0
1505.0
2494.0
1562.0
1340.0
1562.0
721.0
1539.0
1228.0
1539.0
1228.0
1579.0
721.0
1579.0
1340.0
1564.0
1571.0
1571.0
1569.0
1622.0
1339.0
1616.0
111.0
1590.0
151.0
1590.0
151.0
1613.0
111.0
1613.0
177.0
1590.0
328.0
1590.0
328.0
1622.0
177.0
1622.0
716.0
1587.0
904.0
1594.0
903.0
1634.0
715.0
1627.0
718.0
1641.0
969.0
1645.0
969.0
1685.0
718.0
1681.0
1533.0
1656.0
1587.0
1656.0
1587.0
1679.0
1533.0
1679.0
0.0
1684.0
1371.0
1679.0
1371.0
1727.0
0.0
1733.0
48.0
1741.0
228.0
1741.0
228.0
1773.0
48.0
1773.0
2545.0
1744.0
2642.0
1744.0
2642.0
1773.0
2545.0
1773.0
2046.0
1756.0
2348.0
1756.0
2348.0
1796.0
2046.0
1796.0
2662.0
1761.0
2693.0
1761.0
2693.0
1790.0
2662.0
1790.0
97.0
1778.0
174.0
1778.0
174.0
1810.0
97.0
1810.0
2528.0
1776.0
2650.0
1776.0
2650.0
1807.0
2528.0
1807.0
